5
545 EPISTOLARUM LIB. ΧΗ. 1555. 544
Men! 5551555555555555555555555555, 855555555555555 55555555, 55555555,
55555) 5555 spannia! 55τί5 5555 555 55 &angelii 5555555555 5555 555 555, 555 55555 5555 55
555555 555. 55555 ἰ5 bie 5555 &meantia 55555, 555555555αηὶ5 5555555555 etc. 5555.
5555ῑί5) 5555 555 (555555 555, bie 5555 &diff 5555 55 5555555559 555 ς55555, Q. 5. 55. 55555
N 5555555 555. 35555 5555 5555555 555 in 55 5ίί555 555555, ibam ernid)t 5555 5555555555
{em 5555, 555 5555555515555555555 5555, 555555 ,5555555555 555555 55 55555 etc. 5555 ,
55 bet 5555 55555 Beati qui plantati sunt in 555555 555 (ξ. 8. (5. [einen 5555555, 55 „eitam
domo Domini, et in atriis domus Dei nostri. &es mit 5555 555, 55τί5555 5555559, 555 5551555
lig 555 555, 55 in 555 5555 55 5555 9555555 5555555555, 55 ben 55515555 5555555 555555 ist,
555, etc. 5555 5555 isicia 55555 55555555, 555 bat 555555 5555, 55555 555) 555 mit 55555555
ist bod) ein 5555 stertet 555 555 95555 58555555. 555555 555 555τί555, 55 ,55555 55555555, 555
55 gebeni, 55 nicht 555 5555555 &digrein 555 555 55555) 555 555555 mit 5555 (555555 5ῑί5.
555 55555 5555 5555, 55 ein 55555 5555 staret 55 555555. 35555( 55 niel 95555555 555555
555 ⁸) 5555 5555 5555 55 555, 5555555 555 asse 555, 55555 55555) m, 555 [einer 5. 5. &christon m
sstt'tbfal 5555, 555 555 55555 55555, 5555 55· 55 5555555555 555555 555 ἷ5 55555555 555555, 55555
555555 555 5555 55555 355555 fuit 555 555 r ndm= Q, 5. 55. bet 5555ῑί555 555555 5555 555 555555,
lid), 5555 55555 ba> 5555, 555 555 im 5555 555 bu& 5 555 555555 55555 5555555555, 555
ge 5555, 55555), in 55 55555 &iuben (5555, 55 555 [asten. 35555 55155 5555 5555 555 5555
mit 5555 555 mit 55555555 5555 5555 555 55555 00550. 000 50 (30055ῐηί5 55 sym 55555, 555
555, 55555 55 555 55555 5555, Oves meae 55 555355555515555555 5555 555585555ῐηί5
’ vocem meam audiunt. 555 1555555555555 5555355, 555 555 55555555555555555555.
faigm 5555555555, 555 555 5555155 bet) 555 ist, 55, 55 bet 555 555555 55555 555 5555 [ou
555 55555 555555, 55 55555, Sd) 555 55),Ι 55555, 555 555 5555555 55555 5555555555.
555 mill eud) 5555 555 5555 555) im 5555555 55 &o 555 mit ia 5555 555 5555555555 5555555.
tn. 55555 555 555 55555155 5555555, 5 55 555 55555) hurd) 5555555555 5ῑὸ55, 55555.
im &ombolo 55555, Credo Ecclesiam catholicam. bergebotn, 555 mit in 55555 555 555 555 5555
Sd) gldube 5555555), 555 55 5555555 5555 (555 (55τί555 5555 555 55555.
55 ist, 5555 cuein 5555 55 55555 55555 555,
5555 55 555 555555 555 vanem 55, . 505 nubetur 00 mit 5055 00505 bet 0055
5555555555555555555555555515555555 90000005 50 ῃ00000οῘ005 000 50 3000005 000 000
3555555555, 55555555555555 55155. Sd) 555 50006000000900000505 1000 0οι 5000 0005000οῑ5
aud), 55 55555 mammae 555 5555 555 500 boine 0505 0005 0οτ aum 05055 05
5555 555555 55, botin teine 555 55 555555ίί ist, 0050 isto 0000 5000 980000οΐ005 0000 00055 Ῐο ‘t 00·
555 5555 5555 mathaniam 555555 (555555 55 000 00505 00000000) 000 00500000) 00000050
55 aud> 555, 555 mit (55555 5555 555ῑί5 555555, 000οι 0000 00 00000 (⁸3⁰st 00 00005οΐ05500 Ὧῑο010. 0οΒ
· 555 55155τί5 5555 5555555555, 55 55555 00 000 0550000 000 60500000 0000 00000 000 000000
5555 5555 555555, 555 555555 555, 555 in 555· 5005 00050· 2²¹¹ss 00 9005 00οῙ 05000000 000 &th
5555 555 bet) 55 5555, 555 515 555555 55555 000000 50 “um 3000 [00οι [0 ist 005 05000005 0οΒ
55551555 5555 5555555555. 55 55 555 55 mit 000 000 000 00309 55000- ῧο0500005 650οῐ0*
,5555 55555555, 555 mit 55555) 55555555. nomae, 000 000000) 0500000 000000 00000500
555 555555 5555 555 mie 5555555 bats 5555 en 000 000 000500 6000500 0005000000οι 000000 005 50
55555, 5555 555 55555555, 555 55551 555 555 000 (550000 0550500000 &bt 0050 00500000) 00500000
55559 5555 555 5555 [ein 55, 55 555 toan 505. 50 buben 0055 nub 0055005 5050 00
555555 555 5555 55555 555, 555 5555555515 0000οῘ50000· 50000οῘ000 000 augustin& 05
5555555 mit 555555 aranga 55555559 555 5555, 555 555 (055555 benet 5555555, baben 555 ibren
mag “W 231„ ,55ιῇ than, 55555 nuta) 5055 5855555 5555 555555 55555555 55555, 555 5555
555, 555555 5 555 55, 555 auc 5555 nieht ein 5το5 05500500 55 weit 5. menn
55 lubuit 55155 555555 55. “ einer 5555 5555 555 55555, 5555559 55555 555
’ renen, 555 in 55555 55555 51555. 55555555
⁶> 5., anem. 555555 5555 &eota 5555 5555 (555555, 5555

 

